Dynamical matrix file
phonons of Si                                                              
  1    2  2 10.3295500  0.0000000  0.0000000  0.0000000  0.0000000  0.0000000
           1  'Si  '    25598.8229845270     
    1    1      0.0000000000      0.0000000000      0.0000000000
    2    1      0.2500000000      0.2500000000      0.2500000000

     Dynamical  Matrix in cartesian axes

     q = (    0.750000000  -0.250000000   0.750000000 ) 

    1    1
  0.25044495  0.00000000   -0.00752786  0.00766204    0.00948294  0.00000000
 -0.00752786 -0.00766204    0.29833587  0.00000000   -0.00752786 -0.00766204
  0.00948294  0.00000000   -0.00752786  0.00766204    0.25044495  0.00000000
    1    2
 -0.06132411  0.06223208   -0.04189257  0.04418096   -0.04218746 -0.13799436
 -0.04189257  0.04418096   -0.05929930  0.08093545   -0.04189257  0.04418096
 -0.04218746 -0.13799436   -0.04189257  0.04418096   -0.06132411  0.06223208
    2    1
 -0.06132411 -0.06223208   -0.04189257 -0.04418096   -0.04218746  0.13799436
 -0.04189257 -0.04418096   -0.05929930 -0.08093545   -0.04189257 -0.04418096
 -0.04218746  0.13799436   -0.04189257 -0.04418096   -0.06132411 -0.06223208
    2    2
  0.25044495  0.00000000   -0.00752786 -0.00766204    0.00948294  0.00000000
 -0.00752786  0.00766204    0.29833587  0.00000000   -0.00752786  0.00766204
  0.00948294  0.00000000   -0.00752786 -0.00766204    0.25044495  0.00000000

     Dynamical  Matrix in cartesian axes

     q = (    0.750000000  -0.250000000  -0.750000000 ) 

    1    1
  0.25044495  0.00000000   -0.00752786 -0.00766204   -0.00948294  0.00000000
 -0.00752786  0.00766204    0.29833587  0.00000000    0.00752786 -0.00766204
 -0.00948294  0.00000000    0.00752786  0.00766204    0.25044495  0.00000000
    1    2
 -0.06223208  0.06132411   -0.04418096  0.04189257   -0.13799436 -0.04218746
 -0.04418096  0.04189257   -0.08093545  0.05929930    0.04418096 -0.04189257
 -0.13799436 -0.04218746    0.04418096 -0.04189257   -0.06223208  0.06132411
    2    1
 -0.06223208 -0.06132411   -0.04418096 -0.04189257   -0.13799436  0.04218746
 -0.04418096 -0.04189257   -0.08093545 -0.05929930    0.04418096  0.04189257
 -0.13799436  0.04218746    0.04418096  0.04189257   -0.06223208 -0.06132411
    2    2
  0.25044495  0.00000000   -0.00752786  0.00766204   -0.00948294  0.00000000
 -0.00752786 -0.00766204    0.29833587  0.00000000    0.00752786  0.00766204
 -0.00948294  0.00000000    0.00752786 -0.00766204    0.25044495  0.00000000

     Dynamical  Matrix in cartesian axes

     q = (   -0.750000000  -0.250000000  -0.750000000 ) 

    1    1
  0.25044495  0.00000000    0.00752786 -0.00766204    0.00948294  0.00000000
  0.00752786  0.00766204    0.29833587  0.00000000    0.00752786  0.00766204
  0.00948294  0.00000000    0.00752786 -0.00766204    0.25044495  0.00000000
    1    2
  0.06223208  0.06132411   -0.04418096 -0.04189257   -0.13799436  0.04218746
 -0.04418096 -0.04189257    0.08093545  0.05929930   -0.04418096 -0.04189257
 -0.13799436  0.04218746   -0.04418096 -0.04189257    0.06223208  0.06132411
    2    1
  0.06223208 -0.06132411   -0.04418096  0.04189257   -0.13799436 -0.04218746
 -0.04418096  0.04189257    0.08093545 -0.05929930   -0.04418096  0.04189257
 -0.13799436 -0.04218746   -0.04418096  0.04189257    0.06223208 -0.06132411
    2    2
  0.25044495  0.00000000    0.00752786  0.00766204    0.00948294  0.00000000
  0.00752786 -0.00766204    0.29833587  0.00000000    0.00752786 -0.00766204
  0.00948294  0.00000000    0.00752786  0.00766204    0.25044495  0.00000000

     Dynamical  Matrix in cartesian axes

     q = (   -0.750000000  -0.250000000   0.750000000 ) 

    1    1
  0.25044495  0.00000000    0.00752786  0.00766204   -0.00948294  0.00000000
  0.00752786 -0.00766204    0.29833587  0.00000000   -0.00752786  0.00766204
 -0.00948294  0.00000000   -0.00752786 -0.00766204    0.25044495  0.00000000
    1    2
 -0.06223208  0.06132411    0.04418096 -0.04189257   -0.13799436 -0.04218746
  0.04418096 -0.04189257   -0.08093545  0.05929930   -0.04418096  0.04189257
 -0.13799436 -0.04218746   -0.04418096  0.04189257   -0.06223208  0.06132411
    2    1
 -0.06223208 -0.06132411    0.04418096  0.04189257   -0.13799436  0.04218746
  0.04418096  0.04189257   -0.08093545 -0.05929930   -0.04418096 -0.04189257
 -0.13799436  0.04218746   -0.04418096 -0.04189257   -0.06223208 -0.06132411
    2    2
  0.25044495  0.00000000    0.00752786 -0.00766204   -0.00948294  0.00000000
  0.00752786  0.00766204    0.29833587  0.00000000   -0.00752786 -0.00766204
 -0.00948294  0.00000000   -0.00752786  0.00766204    0.25044495  0.00000000

     Dynamical  Matrix in cartesian axes

     q = (   -0.750000000   0.250000000  -0.750000000 ) 

    1    1
  0.25044495  0.00000000   -0.00752786 -0.00766204    0.00948294  0.00000000
 -0.00752786  0.00766204    0.29833587  0.00000000   -0.00752786  0.00766204
  0.00948294  0.00000000   -0.00752786 -0.00766204    0.25044495  0.00000000
    1    2
 -0.06132411 -0.06223208   -0.04189257 -0.04418096   -0.04218746  0.13799436
 -0.04189257 -0.04418096   -0.05929930 -0.08093545   -0.04189257 -0.04418096
 -0.04218746  0.13799436   -0.04189257 -0.04418096   -0.06132411 -0.06223208
    2    1
 -0.06132411  0.06223208   -0.04189257  0.04418096   -0.04218746 -0.13799436
 -0.04189257  0.04418096   -0.05929930  0.08093545   -0.04189257  0.04418096
 -0.04218746 -0.13799436   -0.04189257  0.04418096   -0.06132411  0.06223208
    2    2
  0.25044495  0.00000000   -0.00752786  0.00766204    0.00948294  0.00000000
 -0.00752786 -0.00766204    0.29833587  0.00000000   -0.00752786 -0.00766204
  0.00948294  0.00000000   -0.00752786  0.00766204    0.25044495  0.00000000

     Dynamical  Matrix in cartesian axes

     q = (   -0.250000000   0.750000000  -0.750000000 ) 

    1    1
  0.29833587  0.00000000   -0.00752786  0.00766204    0.00752786 -0.00766204
 -0.00752786 -0.00766204    0.25044495  0.00000000   -0.00948294  0.00000000
  0.00752786  0.00766204   -0.00948294  0.00000000    0.25044495  0.00000000
    1    2
 -0.08093545  0.05929930   -0.04418096  0.04189257    0.04418096 -0.04189257
 -0.04418096  0.04189257   -0.06223208  0.06132411   -0.13799436 -0.04218746
  0.04418096 -0.04189257   -0.13799436 -0.04218746   -0.06223208  0.06132411
    2    1
 -0.08093545 -0.05929930   -0.04418096 -0.04189257    0.04418096  0.04189257
 -0.04418096 -0.04189257   -0.06223208 -0.06132411   -0.13799436  0.04218746
  0.04418096  0.04189257   -0.13799436  0.04218746   -0.06223208 -0.06132411
    2    2
  0.29833587  0.00000000   -0.00752786 -0.00766204    0.00752786  0.00766204
 -0.00752786  0.00766204    0.25044495  0.00000000   -0.00948294  0.00000000
  0.00752786 -0.00766204   -0.00948294  0.00000000    0.25044495  0.00000000

     Dynamical  Matrix in cartesian axes

     q = (   -0.750000000   0.750000000  -0.250000000 ) 

    1    1
  0.25044495  0.00000000   -0.00948294  0.00000000    0.00752786  0.00766204
 -0.00948294  0.00000000    0.25044495  0.00000000   -0.00752786 -0.00766204
  0.00752786 -0.00766204   -0.00752786  0.00766204    0.29833587  0.00000000
    1    2
 -0.06223208  0.06132411   -0.13799436 -0.04218746    0.04418096 -0.04189257
 -0.13799436 -0.04218746   -0.06223208  0.06132411   -0.04418096  0.04189257
  0.04418096 -0.04189257   -0.04418096  0.04189257   -0.08093545  0.05929930
    2    1
 -0.06223208 -0.06132411   -0.13799436  0.04218746    0.04418096  0.04189257
 -0.13799436  0.04218746   -0.06223208 -0.06132411   -0.04418096 -0.04189257
  0.04418096  0.04189257   -0.04418096 -0.04189257   -0.08093545 -0.05929930
    2    2
  0.25044495  0.00000000   -0.00948294  0.00000000    0.00752786 -0.00766204
 -0.00948294  0.00000000    0.25044495  0.00000000   -0.00752786  0.00766204
  0.00752786  0.00766204   -0.00752786 -0.00766204    0.29833587  0.00000000

     Dynamical  Matrix in cartesian axes

     q = (    0.750000000   0.250000000   0.750000000 ) 

    1    1
  0.25044495  0.00000000    0.00752786  0.00766204    0.00948294  0.00000000
  0.00752786 -0.00766204    0.29833587  0.00000000    0.00752786 -0.00766204
  0.00948294  0.00000000    0.00752786  0.00766204    0.25044495  0.00000000
    1    2
  0.06223208 -0.06132411   -0.04418096  0.04189257   -0.13799436 -0.04218746
 -0.04418096  0.04189257    0.08093545 -0.05929930   -0.04418096  0.04189257
 -0.13799436 -0.04218746   -0.04418096  0.04189257    0.06223208 -0.06132411
    2    1
  0.06223208  0.06132411   -0.04418096 -0.04189257   -0.13799436  0.04218746
 -0.04418096 -0.04189257    0.08093545  0.05929930   -0.04418096 -0.04189257
 -0.13799436  0.04218746   -0.04418096 -0.04189257    0.06223208  0.06132411
    2    2
  0.25044495  0.00000000    0.00752786 -0.00766204    0.00948294  0.00000000
  0.00752786  0.00766204    0.29833587  0.00000000    0.00752786  0.00766204
  0.00948294  0.00000000    0.00752786 -0.00766204    0.25044495  0.00000000

     Dynamical  Matrix in cartesian axes

     q = (   -0.750000000   0.250000000   0.750000000 ) 

    1    1
  0.25044495  0.00000000   -0.00752786  0.00766204   -0.00948294  0.00000000
 -0.00752786 -0.00766204    0.29833587  0.00000000    0.00752786  0.00766204
 -0.00948294  0.00000000    0.00752786 -0.00766204    0.25044495  0.00000000
    1    2
 -0.06223208 -0.06132411   -0.04418096 -0.04189257   -0.13799436  0.04218746
 -0.04418096 -0.04189257   -0.08093545 -0.05929930    0.04418096  0.04189257
 -0.13799436  0.04218746    0.04418096  0.04189257   -0.06223208 -0.06132411
    2    1
 -0.06223208  0.06132411   -0.04418096  0.04189257   -0.13799436 -0.04218746
 -0.04418096  0.04189257   -0.08093545  0.05929930    0.04418096 -0.04189257
 -0.13799436 -0.04218746    0.04418096 -0.04189257   -0.06223208  0.06132411
    2    2
  0.25044495  0.00000000   -0.00752786 -0.00766204   -0.00948294  0.00000000
 -0.00752786  0.00766204    0.29833587  0.00000000    0.00752786 -0.00766204
 -0.00948294  0.00000000    0.00752786  0.00766204    0.25044495  0.00000000

     Dynamical  Matrix in cartesian axes

     q = (    0.750000000   0.250000000  -0.750000000 ) 

    1    1
  0.25044495  0.00000000    0.00752786 -0.00766204   -0.00948294  0.00000000
  0.00752786  0.00766204    0.29833587  0.00000000   -0.00752786 -0.00766204
 -0.00948294  0.00000000   -0.00752786  0.00766204    0.25044495  0.00000000
    1    2
 -0.06223208 -0.06132411    0.04418096  0.04189257   -0.13799436  0.04218746
  0.04418096  0.04189257   -0.08093545 -0.05929930   -0.04418096 -0.04189257
 -0.13799436  0.04218746   -0.04418096 -0.04189257   -0.06223208 -0.06132411
    2    1
 -0.06223208  0.06132411    0.04418096 -0.04189257   -0.13799436 -0.04218746
  0.04418096 -0.04189257   -0.08093545  0.05929930   -0.04418096  0.04189257
 -0.13799436 -0.04218746   -0.04418096  0.04189257   -0.06223208  0.06132411
    2    2
  0.25044495  0.00000000    0.00752786  0.00766204   -0.00948294  0.00000000
  0.00752786 -0.00766204    0.29833587  0.00000000   -0.00752786  0.00766204
 -0.00948294  0.00000000   -0.00752786 -0.00766204    0.25044495  0.00000000

     Dynamical  Matrix in cartesian axes

     q = (   -0.750000000   0.750000000   0.250000000 ) 

    1    1
  0.25044495  0.00000000   -0.00948294  0.00000000   -0.00752786  0.00766204
 -0.00948294  0.00000000    0.25044495  0.00000000    0.00752786 -0.00766204
 -0.00752786 -0.00766204    0.00752786  0.00766204    0.29833587  0.00000000
    1    2
 -0.06223208 -0.06132411   -0.13799436  0.04218746   -0.04418096 -0.04189257
 -0.13799436  0.04218746   -0.06223208 -0.06132411    0.04418096  0.04189257
 -0.04418096 -0.04189257    0.04418096  0.04189257   -0.08093545 -0.05929930
    2    1
 -0.06223208  0.06132411   -0.13799436 -0.04218746   -0.04418096  0.04189257
 -0.13799436 -0.04218746   -0.06223208  0.06132411    0.04418096 -0.04189257
 -0.04418096  0.04189257    0.04418096 -0.04189257   -0.08093545  0.05929930
    2    2
  0.25044495  0.00000000   -0.00948294  0.00000000   -0.00752786 -0.00766204
 -0.00948294  0.00000000    0.25044495  0.00000000    0.00752786  0.00766204
 -0.00752786  0.00766204    0.00752786 -0.00766204    0.29833587  0.00000000

     Dynamical  Matrix in cartesian axes

     q = (   -0.250000000   0.750000000   0.750000000 ) 

    1    1
  0.29833587  0.00000000   -0.00752786 -0.00766204   -0.00752786 -0.00766204
 -0.00752786  0.00766204    0.25044495  0.00000000    0.00948294  0.00000000
 -0.00752786  0.00766204    0.00948294  0.00000000    0.25044495  0.00000000
    1    2
 -0.05929930  0.08093545   -0.04189257  0.04418096   -0.04189257  0.04418096
 -0.04189257  0.04418096   -0.06132411  0.06223208   -0.04218746 -0.13799436
 -0.04189257  0.04418096   -0.04218746 -0.13799436   -0.06132411  0.06223208
    2    1
 -0.05929930 -0.08093545   -0.04189257 -0.04418096   -0.04189257 -0.04418096
 -0.04189257 -0.04418096   -0.06132411 -0.06223208   -0.04218746  0.13799436
 -0.04189257 -0.04418096   -0.04218746  0.13799436   -0.06132411 -0.06223208
    2    2
  0.29833587  0.00000000   -0.00752786  0.00766204   -0.00752786  0.00766204
 -0.00752786 -0.00766204    0.25044495  0.00000000    0.00948294  0.00000000
 -0.00752786 -0.00766204    0.00948294  0.00000000    0.25044495  0.00000000

     Dynamical  Matrix in cartesian axes

     q = (    0.250000000   0.750000000  -0.750000000 ) 

    1    1
  0.29833587  0.00000000    0.00752786  0.00766204   -0.00752786 -0.00766204
  0.00752786 -0.00766204    0.25044495  0.00000000   -0.00948294  0.00000000
 -0.00752786  0.00766204   -0.00948294  0.00000000    0.25044495  0.00000000
    1    2
 -0.08093545 -0.05929930    0.04418096  0.04189257   -0.04418096 -0.04189257
  0.04418096  0.04189257   -0.06223208 -0.06132411   -0.13799436  0.04218746
 -0.04418096 -0.04189257   -0.13799436  0.04218746   -0.06223208 -0.06132411
    2    1
 -0.08093545  0.05929930    0.04418096 -0.04189257   -0.04418096  0.04189257
  0.04418096 -0.04189257   -0.06223208  0.06132411   -0.13799436 -0.04218746
 -0.04418096  0.04189257   -0.13799436 -0.04218746   -0.06223208  0.06132411
    2    2
  0.29833587  0.00000000    0.00752786 -0.00766204   -0.00752786  0.00766204
  0.00752786  0.00766204    0.25044495  0.00000000   -0.00948294  0.00000000
 -0.00752786 -0.00766204   -0.00948294  0.00000000    0.25044495  0.00000000

     Dynamical  Matrix in cartesian axes

     q = (   -0.250000000  -0.750000000  -0.750000000 ) 

    1    1
  0.29833587  0.00000000    0.00752786  0.00766204    0.00752786  0.00766204
  0.00752786 -0.00766204    0.25044495  0.00000000    0.00948294  0.00000000
  0.00752786 -0.00766204    0.00948294  0.00000000    0.25044495  0.00000000
    1    2
  0.08093545  0.05929930   -0.04418096 -0.04189257   -0.04418096 -0.04189257
 -0.04418096 -0.04189257    0.06223208  0.06132411   -0.13799436  0.04218746
 -0.04418096 -0.04189257   -0.13799436  0.04218746    0.06223208  0.06132411
    2    1
  0.08093545 -0.05929930   -0.04418096  0.04189257   -0.04418096  0.04189257
 -0.04418096  0.04189257    0.06223208 -0.06132411   -0.13799436 -0.04218746
 -0.04418096  0.04189257   -0.13799436 -0.04218746    0.06223208 -0.06132411
    2    2
  0.29833587  0.00000000    0.00752786 -0.00766204    0.00752786 -0.00766204
  0.00752786  0.00766204    0.25044495  0.00000000    0.00948294  0.00000000
  0.00752786  0.00766204    0.00948294  0.00000000    0.25044495  0.00000000

     Dynamical  Matrix in cartesian axes

     q = (    0.750000000   0.750000000  -0.250000000 ) 

    1    1
  0.25044495  0.00000000    0.00948294  0.00000000   -0.00752786  0.00766204
  0.00948294  0.00000000    0.25044495  0.00000000   -0.00752786  0.00766204
 -0.00752786 -0.00766204   -0.00752786 -0.00766204    0.29833587  0.00000000
    1    2
 -0.06132411  0.06223208   -0.04218746 -0.13799436   -0.04189257  0.04418096
 -0.04218746 -0.13799436   -0.06132411  0.06223208   -0.04189257  0.04418096
 -0.04189257  0.04418096   -0.04189257  0.04418096   -0.05929930  0.08093545
    2    1
 -0.06132411 -0.06223208   -0.04218746  0.13799436   -0.04189257 -0.04418096
 -0.04218746  0.13799436   -0.06132411 -0.06223208   -0.04189257 -0.04418096
 -0.04189257 -0.04418096   -0.04189257 -0.04418096   -0.05929930 -0.08093545
    2    2
  0.25044495  0.00000000    0.00948294  0.00000000   -0.00752786 -0.00766204
  0.00948294  0.00000000    0.25044495  0.00000000   -0.00752786 -0.00766204
 -0.00752786  0.00766204   -0.00752786  0.00766204    0.29833587  0.00000000

     Dynamical  Matrix in cartesian axes

     q = (    0.750000000  -0.750000000   0.250000000 ) 

    1    1
  0.25044495  0.00000000   -0.00948294  0.00000000    0.00752786 -0.00766204
 -0.00948294  0.00000000    0.25044495  0.00000000   -0.00752786  0.00766204
  0.00752786  0.00766204   -0.00752786 -0.00766204    0.29833587  0.00000000
    1    2
 -0.06223208 -0.06132411   -0.13799436  0.04218746    0.04418096  0.04189257
 -0.13799436  0.04218746   -0.06223208 -0.06132411   -0.04418096 -0.04189257
  0.04418096  0.04189257   -0.04418096 -0.04189257   -0.08093545 -0.05929930
    2    1
 -0.06223208  0.06132411   -0.13799436 -0.04218746    0.04418096 -0.04189257
 -0.13799436 -0.04218746   -0.06223208  0.06132411   -0.04418096  0.04189257
  0.04418096 -0.04189257   -0.04418096  0.04189257   -0.08093545  0.05929930
    2    2
  0.25044495  0.00000000   -0.00948294  0.00000000    0.00752786  0.00766204
 -0.00948294  0.00000000    0.25044495  0.00000000   -0.00752786 -0.00766204
  0.00752786 -0.00766204   -0.00752786  0.00766204    0.29833587  0.00000000

     Dynamical  Matrix in cartesian axes

     q = (   -0.750000000  -0.750000000  -0.250000000 ) 

    1    1
  0.25044495  0.00000000    0.00948294  0.00000000    0.00752786 -0.00766204
  0.00948294  0.00000000    0.25044495  0.00000000    0.00752786 -0.00766204
  0.00752786  0.00766204    0.00752786  0.00766204    0.29833587  0.00000000
    1    2
  0.06223208  0.06132411   -0.13799436  0.04218746   -0.04418096 -0.04189257
 -0.13799436  0.04218746    0.06223208  0.06132411   -0.04418096 -0.04189257
 -0.04418096 -0.04189257   -0.04418096 -0.04189257    0.08093545  0.05929930
    2    1
  0.06223208 -0.06132411   -0.13799436 -0.04218746   -0.04418096  0.04189257
 -0.13799436 -0.04218746    0.06223208 -0.06132411   -0.04418096  0.04189257
 -0.04418096  0.04189257   -0.04418096  0.04189257    0.08093545 -0.05929930
    2    2
  0.25044495  0.00000000    0.00948294  0.00000000    0.00752786  0.00766204
  0.00948294  0.00000000    0.25044495  0.00000000    0.00752786  0.00766204
  0.00752786 -0.00766204    0.00752786 -0.00766204    0.29833587  0.00000000

     Dynamical  Matrix in cartesian axes

     q = (    0.250000000  -0.750000000   0.750000000 ) 

    1    1
  0.29833587  0.00000000   -0.00752786 -0.00766204    0.00752786  0.00766204
 -0.00752786  0.00766204    0.25044495  0.00000000   -0.00948294  0.00000000
  0.00752786 -0.00766204   -0.00948294  0.00000000    0.25044495  0.00000000
    1    2
 -0.08093545 -0.05929930   -0.04418096 -0.04189257    0.04418096  0.04189257
 -0.04418096 -0.04189257   -0.06223208 -0.06132411   -0.13799436  0.04218746
  0.04418096  0.04189257   -0.13799436  0.04218746   -0.06223208 -0.06132411
    2    1
 -0.08093545  0.05929930   -0.04418096  0.04189257    0.04418096 -0.04189257
 -0.04418096  0.04189257   -0.06223208  0.06132411   -0.13799436 -0.04218746
  0.04418096 -0.04189257   -0.13799436 -0.04218746   -0.06223208  0.06132411
    2    2
  0.29833587  0.00000000   -0.00752786  0.00766204    0.00752786 -0.00766204
 -0.00752786 -0.00766204    0.25044495  0.00000000   -0.00948294  0.00000000
  0.00752786  0.00766204   -0.00948294  0.00000000    0.25044495  0.00000000

     Dynamical  Matrix in cartesian axes

     q = (   -0.750000000  -0.750000000   0.250000000 ) 

    1    1
  0.25044495  0.00000000    0.00948294  0.00000000   -0.00752786 -0.00766204
  0.00948294  0.00000000    0.25044495  0.00000000   -0.00752786 -0.00766204
 -0.00752786  0.00766204   -0.00752786  0.00766204    0.29833587  0.00000000
    1    2
 -0.06132411 -0.06223208   -0.04218746  0.13799436   -0.04189257 -0.04418096
 -0.04218746  0.13799436   -0.06132411 -0.06223208   -0.04189257 -0.04418096
 -0.04189257 -0.04418096   -0.04189257 -0.04418096   -0.05929930 -0.08093545
    2    1
 -0.06132411  0.06223208   -0.04218746 -0.13799436   -0.04189257  0.04418096
 -0.04218746 -0.13799436   -0.06132411  0.06223208   -0.04189257  0.04418096
 -0.04189257  0.04418096   -0.04189257  0.04418096   -0.05929930  0.08093545
    2    2
  0.25044495  0.00000000    0.00948294  0.00000000   -0.00752786  0.00766204
  0.00948294  0.00000000    0.25044495  0.00000000   -0.00752786  0.00766204
 -0.00752786 -0.00766204   -0.00752786 -0.00766204    0.29833587  0.00000000

     Dynamical  Matrix in cartesian axes

     q = (    0.250000000   0.750000000   0.750000000 ) 

    1    1
  0.29833587  0.00000000    0.00752786 -0.00766204    0.00752786 -0.00766204
  0.00752786  0.00766204    0.25044495  0.00000000    0.00948294  0.00000000
  0.00752786  0.00766204    0.00948294  0.00000000    0.25044495  0.00000000
    1    2
  0.08093545 -0.05929930   -0.04418096  0.04189257   -0.04418096  0.04189257
 -0.04418096  0.04189257    0.06223208 -0.06132411   -0.13799436 -0.04218746
 -0.04418096  0.04189257   -0.13799436 -0.04218746    0.06223208 -0.06132411
    2    1
  0.08093545  0.05929930   -0.04418096 -0.04189257   -0.04418096 -0.04189257
 -0.04418096 -0.04189257    0.06223208  0.06132411   -0.13799436  0.04218746
 -0.04418096 -0.04189257   -0.13799436  0.04218746    0.06223208  0.06132411
    2    2
  0.29833587  0.00000000    0.00752786  0.00766204    0.00752786  0.00766204
  0.00752786 -0.00766204    0.25044495  0.00000000    0.00948294  0.00000000
  0.00752786 -0.00766204    0.00948294  0.00000000    0.25044495  0.00000000

     Dynamical  Matrix in cartesian axes

     q = (   -0.250000000  -0.750000000   0.750000000 ) 

    1    1
  0.29833587  0.00000000    0.00752786 -0.00766204   -0.00752786  0.00766204
  0.00752786  0.00766204    0.25044495  0.00000000   -0.00948294  0.00000000
 -0.00752786 -0.00766204   -0.00948294  0.00000000    0.25044495  0.00000000
    1    2
 -0.08093545  0.05929930    0.04418096 -0.04189257   -0.04418096  0.04189257
  0.04418096 -0.04189257   -0.06223208  0.06132411   -0.13799436 -0.04218746
 -0.04418096  0.04189257   -0.13799436 -0.04218746   -0.06223208  0.06132411
    2    1
 -0.08093545 -0.05929930    0.04418096  0.04189257   -0.04418096 -0.04189257
  0.04418096  0.04189257   -0.06223208 -0.06132411   -0.13799436  0.04218746
 -0.04418096 -0.04189257   -0.13799436  0.04218746   -0.06223208 -0.06132411
    2    2
  0.29833587  0.00000000    0.00752786  0.00766204   -0.00752786 -0.00766204
  0.00752786 -0.00766204    0.25044495  0.00000000   -0.00948294  0.00000000
 -0.00752786  0.00766204   -0.00948294  0.00000000    0.25044495  0.00000000

     Dynamical  Matrix in cartesian axes

     q = (    0.750000000   0.750000000   0.250000000 ) 

    1    1
  0.25044495  0.00000000    0.00948294  0.00000000    0.00752786  0.00766204
  0.00948294  0.00000000    0.25044495  0.00000000    0.00752786  0.00766204
  0.00752786 -0.00766204    0.00752786 -0.00766204    0.29833587  0.00000000
    1    2
  0.06223208 -0.06132411   -0.13799436 -0.04218746   -0.04418096  0.04189257
 -0.13799436 -0.04218746    0.06223208 -0.06132411   -0.04418096  0.04189257
 -0.04418096  0.04189257   -0.04418096  0.04189257    0.08093545 -0.05929930
    2    1
  0.06223208  0.06132411   -0.13799436  0.04218746   -0.04418096 -0.04189257
 -0.13799436  0.04218746    0.06223208  0.06132411   -0.04418096 -0.04189257
 -0.04418096 -0.04189257   -0.04418096 -0.04189257    0.08093545  0.05929930
    2    2
  0.25044495  0.00000000    0.00948294  0.00000000    0.00752786 -0.00766204
  0.00948294  0.00000000    0.25044495  0.00000000    0.00752786 -0.00766204
  0.00752786  0.00766204    0.00752786  0.00766204    0.29833587  0.00000000

     Dynamical  Matrix in cartesian axes

     q = (    0.250000000  -0.750000000  -0.750000000 ) 

    1    1
  0.29833587  0.00000000   -0.00752786  0.00766204   -0.00752786  0.00766204
 -0.00752786 -0.00766204    0.25044495  0.00000000    0.00948294  0.00000000
 -0.00752786 -0.00766204    0.00948294  0.00000000    0.25044495  0.00000000
    1    2
 -0.05929930 -0.08093545   -0.04189257 -0.04418096   -0.04189257 -0.04418096
 -0.04189257 -0.04418096   -0.06132411 -0.06223208   -0.04218746  0.13799436
 -0.04189257 -0.04418096   -0.04218746  0.13799436   -0.06132411 -0.06223208
    2    1
 -0.05929930  0.08093545   -0.04189257  0.04418096   -0.04189257  0.04418096
 -0.04189257  0.04418096   -0.06132411  0.06223208   -0.04218746 -0.13799436
 -0.04189257  0.04418096   -0.04218746 -0.13799436   -0.06132411  0.06223208
    2    2
  0.29833587  0.00000000   -0.00752786 -0.00766204   -0.00752786 -0.00766204
 -0.00752786  0.00766204    0.25044495  0.00000000    0.00948294  0.00000000
 -0.00752786  0.00766204    0.00948294  0.00000000    0.25044495  0.00000000

     Dynamical  Matrix in cartesian axes

     q = (    0.750000000  -0.750000000  -0.250000000 ) 

    1    1
  0.25044495  0.00000000   -0.00948294  0.00000000   -0.00752786 -0.00766204
 -0.00948294  0.00000000    0.25044495  0.00000000    0.00752786  0.00766204
 -0.00752786  0.00766204    0.00752786 -0.00766204    0.29833587  0.00000000
    1    2
 -0.06223208  0.06132411   -0.13799436 -0.04218746   -0.04418096  0.04189257
 -0.13799436 -0.04218746   -0.06223208  0.06132411    0.04418096 -0.04189257
 -0.04418096  0.04189257    0.04418096 -0.04189257   -0.08093545  0.05929930
    2    1
 -0.06223208 -0.06132411   -0.13799436  0.04218746   -0.04418096 -0.04189257
 -0.13799436  0.04218746   -0.06223208 -0.06132411    0.04418096  0.04189257
 -0.04418096 -0.04189257    0.04418096  0.04189257   -0.08093545 -0.05929930
    2    2
  0.25044495  0.00000000   -0.00948294  0.00000000   -0.00752786  0.00766204
 -0.00948294  0.00000000    0.25044495  0.00000000    0.00752786 -0.00766204
 -0.00752786 -0.00766204    0.00752786  0.00766204    0.29833587  0.00000000

     Diagonalizing the dynamical matrix

     q = (    0.750000000  -0.250000000   0.750000000 ) 

 **************************************************************************
     freq (    1) =       4.103296 [THz] =     136.871229 [cm-1]
 ( -0.047571  0.497732  0.000000 -0.000000  0.047571 -0.497732 ) 
 ( -0.500000 -0.000000  0.000000 -0.000000  0.500000  0.000000 ) 
     freq (    2) =       5.922364 [THz] =     197.548787 [cm-1]
 ( -0.386659 -0.153385 -0.358810  0.158718 -0.386659 -0.153385 ) 
 ( -0.415971 -0.000000 -0.275000 -0.279841 -0.415971  0.000000 ) 
     freq (    3) =       9.448110 [THz] =     315.155030 [cm-1]
 ( -0.098825  0.302225 -0.384564 -0.387166 -0.098825  0.302225 ) 
 (  0.317972 -0.000000 -0.248470 -0.485849  0.317972  0.000000 ) 
     freq (    4) =      12.193307 [THz] =     406.724930 [cm-1]
 ( -0.064940 -0.311599  0.415575  0.353094 -0.064940 -0.311599 ) 
 (  0.318294  0.000000 -0.430455 -0.334794  0.318294  0.000000 ) 
     freq (    5) =      13.671801 [THz] =     456.042178 [cm-1]
 ( -0.047571  0.497732 -0.000000  0.000000  0.047571 -0.497732 ) 
 (  0.500000  0.000000  0.000000  0.000000 -0.500000  0.000000 ) 
     freq (    6) =      14.108317 [THz] =     470.602793 [cm-1]
 (  0.308133  0.172060  0.451235 -0.217453  0.308133  0.172060 ) 
 ( -0.352917 -0.000000 -0.287959 -0.409852 -0.352917  0.000000 ) 
 **************************************************************************
