Dynamical matrix file
phonons of Si                                                              
  1    2  2 10.3295500  0.0000000  0.0000000  0.0000000  0.0000000  0.0000000
           1  'Si  '    25598.8229845270     
    1    1      0.0000000000      0.0000000000      0.0000000000
    2    1      0.2500000000      0.2500000000      0.2500000000

     Dynamical  Matrix in cartesian axes

     q = (   -0.250000000   0.250000000  -0.250000000 ) 

    1    1
  0.26837356 -0.00000000   -0.01202535  0.00000000    0.01202535 -0.00000000
 -0.01202535  0.00000000    0.26837356  0.00000000   -0.01202535  0.00000000
  0.01202535 -0.00000000   -0.01202535  0.00000000    0.26837356  0.00000000
    1    2
 -0.20346065 -0.05965781   -0.03909053  0.04026515    0.03909053 -0.04026515
 -0.03909053  0.04026515   -0.20346065 -0.05965781   -0.03909053  0.04026515
  0.03909053 -0.04026515   -0.03909053  0.04026515   -0.20346065 -0.05965781
    2    1
 -0.20346065  0.05965781   -0.03909053 -0.04026515    0.03909053  0.04026515
 -0.03909053 -0.04026515   -0.20346065  0.05965781   -0.03909053 -0.04026515
  0.03909053  0.04026515   -0.03909053 -0.04026515   -0.20346065  0.05965781
    2    2
  0.26837356  0.00000000   -0.01202535 -0.00000000    0.01202535  0.00000000
 -0.01202535 -0.00000000    0.26837356  0.00000000   -0.01202535 -0.00000000
  0.01202535  0.00000000   -0.01202535 -0.00000000    0.26837356  0.00000000

     Dynamical  Matrix in cartesian axes

     q = (    0.250000000  -0.250000000  -0.250000000 ) 

    1    1
  0.26837356 -0.00000000   -0.01202535  0.00000000   -0.01202535  0.00000000
 -0.01202535  0.00000000    0.26837356 -0.00000000    0.01202535 -0.00000000
 -0.01202535  0.00000000    0.01202535 -0.00000000    0.26837356  0.00000000
    1    2
 -0.20346065 -0.05965781   -0.03909053  0.04026515   -0.03909053  0.04026515
 -0.03909053  0.04026515   -0.20346065 -0.05965781    0.03909053 -0.04026515
 -0.03909053  0.04026515    0.03909053 -0.04026515   -0.20346065 -0.05965781
    2    1
 -0.20346065  0.05965781   -0.03909053 -0.04026515   -0.03909053 -0.04026515
 -0.03909053 -0.04026515   -0.20346065  0.05965781    0.03909053  0.04026515
 -0.03909053 -0.04026515    0.03909053  0.04026515   -0.20346065  0.05965781
    2    2
  0.26837356 -0.00000000   -0.01202535 -0.00000000   -0.01202535 -0.00000000
 -0.01202535 -0.00000000    0.26837356 -0.00000000    0.01202535  0.00000000
 -0.01202535 -0.00000000    0.01202535  0.00000000    0.26837356 -0.00000000

     Dynamical  Matrix in cartesian axes

     q = (    0.250000000  -0.250000000   0.250000000 ) 

    1    1
  0.26837356  0.00000000   -0.01202535 -0.00000000    0.01202535  0.00000000
 -0.01202535 -0.00000000    0.26837356  0.00000000   -0.01202535 -0.00000000
  0.01202535  0.00000000   -0.01202535 -0.00000000    0.26837356  0.00000000
    1    2
 -0.20346065  0.05965781   -0.03909053 -0.04026515    0.03909053  0.04026515
 -0.03909053 -0.04026515   -0.20346065  0.05965781   -0.03909053 -0.04026515
  0.03909053  0.04026515   -0.03909053 -0.04026515   -0.20346065  0.05965781
    2    1
 -0.20346065 -0.05965781   -0.03909053  0.04026515    0.03909053 -0.04026515
 -0.03909053  0.04026515   -0.20346065 -0.05965781   -0.03909053  0.04026515
  0.03909053 -0.04026515   -0.03909053  0.04026515   -0.20346065 -0.05965781
    2    2
  0.26837356 -0.00000000   -0.01202535  0.00000000    0.01202535 -0.00000000
 -0.01202535  0.00000000    0.26837356 -0.00000000   -0.01202535  0.00000000
  0.01202535 -0.00000000   -0.01202535  0.00000000    0.26837356  0.00000000

     Dynamical  Matrix in cartesian axes

     q = (    0.250000000   0.250000000   0.250000000 ) 

    1    1
  0.26837356  0.00000000    0.01202535 -0.00000000    0.01202535 -0.00000000
  0.01202535 -0.00000000    0.26837356 -0.00000000    0.01202535 -0.00000000
  0.01202535 -0.00000000    0.01202535 -0.00000000    0.26837356 -0.00000000
    1    2
 -0.05965781  0.20346065   -0.04026515 -0.03909053   -0.04026515 -0.03909053
 -0.04026515 -0.03909053   -0.05965781  0.20346065   -0.04026515 -0.03909053
 -0.04026515 -0.03909053   -0.04026515 -0.03909053   -0.05965781  0.20346065
    2    1
 -0.05965781 -0.20346065   -0.04026515  0.03909053   -0.04026515  0.03909053
 -0.04026515  0.03909053   -0.05965781 -0.20346065   -0.04026515  0.03909053
 -0.04026515  0.03909053   -0.04026515  0.03909053   -0.05965781 -0.20346065
    2    2
  0.26837356  0.00000000    0.01202535  0.00000000    0.01202535  0.00000000
  0.01202535  0.00000000    0.26837356  0.00000000    0.01202535  0.00000000
  0.01202535  0.00000000    0.01202535  0.00000000    0.26837356  0.00000000

     Dynamical  Matrix in cartesian axes

     q = (   -0.250000000  -0.250000000  -0.250000000 ) 

    1    1
  0.26837356  0.00000000    0.01202535  0.00000000    0.01202535  0.00000000
  0.01202535  0.00000000    0.26837356  0.00000000    0.01202535  0.00000000
  0.01202535  0.00000000    0.01202535  0.00000000    0.26837356  0.00000000
    1    2
 -0.05965781 -0.20346065   -0.04026515  0.03909053   -0.04026515  0.03909053
 -0.04026515  0.03909053   -0.05965781 -0.20346065   -0.04026515  0.03909053
 -0.04026515  0.03909053   -0.04026515  0.03909053   -0.05965781 -0.20346065
    2    1
 -0.05965781  0.20346065   -0.04026515 -0.03909053   -0.04026515 -0.03909053
 -0.04026515 -0.03909053   -0.05965781  0.20346065   -0.04026515 -0.03909053
 -0.04026515 -0.03909053   -0.04026515 -0.03909053   -0.05965781  0.20346065
    2    2
  0.26837356  0.00000000    0.01202535 -0.00000000    0.01202535 -0.00000000
  0.01202535 -0.00000000    0.26837356 -0.00000000    0.01202535 -0.00000000
  0.01202535 -0.00000000    0.01202535 -0.00000000    0.26837356 -0.00000000

     Dynamical  Matrix in cartesian axes

     q = (   -0.250000000  -0.250000000   0.250000000 ) 

    1    1
  0.26837356 -0.00000000    0.01202535 -0.00000000   -0.01202535  0.00000000
  0.01202535 -0.00000000    0.26837356  0.00000000   -0.01202535  0.00000000
 -0.01202535  0.00000000   -0.01202535  0.00000000    0.26837356 -0.00000000
    1    2
 -0.20346065 -0.05965781    0.03909053 -0.04026515   -0.03909053  0.04026515
  0.03909053 -0.04026515   -0.20346065 -0.05965781   -0.03909053  0.04026515
 -0.03909053  0.04026515   -0.03909053  0.04026515   -0.20346065 -0.05965781
    2    1
 -0.20346065  0.05965781    0.03909053  0.04026515   -0.03909053 -0.04026515
  0.03909053  0.04026515   -0.20346065  0.05965781   -0.03909053 -0.04026515
 -0.03909053 -0.04026515   -0.03909053 -0.04026515   -0.20346065  0.05965781
    2    2
  0.26837356  0.00000000    0.01202535  0.00000000   -0.01202535 -0.00000000
  0.01202535  0.00000000    0.26837356  0.00000000   -0.01202535 -0.00000000
 -0.01202535 -0.00000000   -0.01202535 -0.00000000    0.26837356  0.00000000

     Dynamical  Matrix in cartesian axes

     q = (   -0.250000000   0.250000000   0.250000000 ) 

    1    1
  0.26837356  0.00000000   -0.01202535 -0.00000000   -0.01202535 -0.00000000
 -0.01202535 -0.00000000    0.26837356 -0.00000000    0.01202535  0.00000000
 -0.01202535 -0.00000000    0.01202535  0.00000000    0.26837356 -0.00000000
    1    2
 -0.20346065  0.05965781   -0.03909053 -0.04026515   -0.03909053 -0.04026515
 -0.03909053 -0.04026515   -0.20346065  0.05965781    0.03909053  0.04026515
 -0.03909053 -0.04026515    0.03909053  0.04026515   -0.20346065  0.05965781
    2    1
 -0.20346065 -0.05965781   -0.03909053  0.04026515   -0.03909053  0.04026515
 -0.03909053  0.04026515   -0.20346065 -0.05965781    0.03909053 -0.04026515
 -0.03909053  0.04026515    0.03909053 -0.04026515   -0.20346065 -0.05965781
    2    2
  0.26837356  0.00000000   -0.01202535  0.00000000   -0.01202535  0.00000000
 -0.01202535  0.00000000    0.26837356  0.00000000    0.01202535 -0.00000000
 -0.01202535  0.00000000    0.01202535 -0.00000000    0.26837356 -0.00000000

     Dynamical  Matrix in cartesian axes

     q = (    0.250000000   0.250000000  -0.250000000 ) 

    1    1
  0.26837356  0.00000000    0.01202535  0.00000000   -0.01202535 -0.00000000
  0.01202535  0.00000000    0.26837356  0.00000000   -0.01202535 -0.00000000
 -0.01202535 -0.00000000   -0.01202535 -0.00000000    0.26837356  0.00000000
    1    2
 -0.20346065  0.05965781    0.03909053  0.04026515   -0.03909053 -0.04026515
  0.03909053  0.04026515   -0.20346065  0.05965781   -0.03909053 -0.04026515
 -0.03909053 -0.04026515   -0.03909053 -0.04026515   -0.20346065  0.05965781
    2    1
 -0.20346065 -0.05965781    0.03909053 -0.04026515   -0.03909053  0.04026515
  0.03909053 -0.04026515   -0.20346065 -0.05965781   -0.03909053  0.04026515
 -0.03909053  0.04026515   -0.03909053  0.04026515   -0.20346065 -0.05965781
    2    2
  0.26837356 -0.00000000    0.01202535 -0.00000000   -0.01202535  0.00000000
  0.01202535 -0.00000000    0.26837356  0.00000000   -0.01202535  0.00000000
 -0.01202535  0.00000000   -0.01202535  0.00000000    0.26837356 -0.00000000

     Diagonalizing the dynamical matrix

     q = (   -0.250000000   0.250000000  -0.250000000 ) 

 **************************************************************************
     freq (    1) =       2.346501 [THz] =      78.270857 [cm-1]
 ( -0.543217  0.045768 -0.433200  0.054564  0.110018  0.008796 ) 
 ( -0.537842  0.088916 -0.427473  0.088916  0.110369  0.000000 ) 
     freq (    2) =       2.346501 [THz] =      78.270857 [cm-1]
 ( -0.187368 -0.032353  0.377532  0.012813  0.564900  0.045165 ) 
 ( -0.189351 -0.017317  0.377352 -0.017317  0.566703  0.000000 ) 
     freq (    3) =       6.644241 [THz] =     221.628016 [cm-1]
 ( -0.272035 -0.304407  0.272035  0.304407 -0.272035 -0.304407 ) 
 ( -0.408248 -0.000000  0.408248  0.000000 -0.408248  0.000000 ) 
     freq (    4) =      14.252201 [THz] =     475.402247 [cm-1]
 ( -0.272035 -0.304407  0.272035  0.304407 -0.272035 -0.304407 ) 
 (  0.408248  0.000000 -0.408248  0.000000  0.408248  0.000000 ) 
     freq (    5) =      14.534770 [THz] =     484.827731 [cm-1]
 ( -0.398140  0.272926 -0.438868  0.269670 -0.040728 -0.003256 ) 
 (  0.375121 -0.303789  0.415979 -0.303789  0.040858  0.000000 ) 
     freq (    6) =      14.534770 [THz] =     484.827731 [cm-1]
 (  0.316726  0.003702 -0.257344 -0.042197 -0.574071 -0.045899 ) 
 ( -0.316014  0.021553  0.259889  0.021553  0.575903  0.000000 ) 
 **************************************************************************
